00
00
00
00
00
00
00
00
00
10
00
11
00
10
00
87
40
11
01
06
19
24
40
11
02
06
19
47
40
11
03
06
19
6a
18
0d
10
00
b8
01
10
18
b8
02
10
24
b8
03
10
42
b8
04
10
7e
b8
05
10
42
b8
06
10
42
b8
07
10
00
b8
08
11
01
02
10
00
b8
01
10
0e
b8
02
10
10
b8
03
10
20
b8
04
10
20
b8
05
10
10
b8
06
10
0e
b8
07
10
00
b8
08
11
02
02
10
00
b8
01
10
42
b8
02
10
66
b8
03
10
5a
b8
04
10
42
b8
05
10
42
b8
06
10
42
b8
07
10
00
b8
08
11
03
02
00
00
00
00
00
00
00
00
00
00
00
00
00
00
00
00
00
00
00
00
00
00
00
00
00
00
00
00
00
00
00
00
00
00
00
00
00
00
00
00
00
00
00
00
00
00
00
00
00
00
00
00
00
00
00
00
00
00
00
00
00
00
00
00
00
00
00
00
00
00
00
00
00
00
00
00
00
00
00
00
00
00
00
00
00
00
00
00
00
00
00
00
00
00
00
00
00
00
00
00
00
00
00
00
00
00
00
00
00
00
00
00
00
00
00
